raMean decMean rMeanPSFMag
187.69579528 12.36594804 19.2398
187.69882743 12.36545535 19.9328
187.70386997 12.36543268 19.1933
187.69003934 12.37305959 nan
187.69010145 12.37004787 19.3166
187.69289721 12.37039456 18.6786
187.69419188 12.37321297 nan
187.69490943 12.37443051 nan
187.69494854 12.36699359 19.9326
187.69304884 12.38978617 nan
187.69350782 12.38348628 18.7208
187.69448057 12.39022676 nan
187.69472326 12.38464777 nan
187.69442859 12.38863934 17.1852
187.69469555 12.38944923 18.3706
187.69534396 12.38300575 nan
187.69789315 12.38779688 17.4948
187.70451598 12.39086724 nan
187.70512805 12.39043743 15.0843
187.70559948 12.39030211 nan
187.70558996 12.38960002 nan
187.70580919 12.39013311 nan
187.70591961 12.39112604 10.7320
187.70646616 12.38914179 15.1197
187.70700504 12.38964881 15.2261
187.70906689 12.38671491 nan
187.71111183 12.38833651 nan
187.71120247 12.38869951 nan
187.7182975 12.38498455 nan
187.72577292 12.38807622 nan
187.72601222 12.38581105 nan
187.68762928 12.40406717 19.3865
187.68848663 12.40709026 19.2604
187.68883543 12.40268654 19.1258
187.68950765 12.40521823 22.1041
187.69021292 12.40526528 18.9724
187.69252401 12.40637529 18.8669
187.69278366 12.40209582 18.8248
187.69278206 12.40569691 18.8259
187.71512299 12.41451428 19.3489
187.71612776 12.40855367 18.4828
187.71666989 12.41400077 19.1814
187.71714622 12.41592605 19.9893
187.71773213 12.40895063 nan
187.71759221 12.40820939 nan
187.71778375 12.41441633 nan
187.71710618 12.40313179 18.2174
187.71980301 12.40633268 19.2354
187.72067312 12.40420341 nan
187.72078753 12.40488642 nan
187.72130805 12.40726946 nan
187.7220297 12.40151462 nan
187.72232084 12.40554974 nan
187.72313945 12.40275914 nan
187.69802521 12.3670466 nan
187.6987773 12.37246285 nan
187.70039398 12.37104357 19.4280
187.70306974 12.37440701 18.0339
187.70459709 12.37146008 nan
187.70477188 12.37131347 nan
187.70486236 12.369663 19.5086
187.70518855 12.37193681 nan
187.70600076 12.37121532 18.0642
187.70752991 12.3681808 19.8273
187.71223099 12.36833656 19.1700
187.71323214 12.37317418 nan
187.71322814 12.37251503 nan
187.7133713 12.37293453 nan
187.68268481 12.39759087 nan
187.68274528 12.39644523 19.3839
187.68456252 12.39888945 nan
187.68566123 12.39513602 nan
187.68607986 12.39467548 nan
187.68617687 12.39135864 19.4721
187.68616185 12.39148031 19.0825
187.68619734 12.39429761 nan
187.68664951 12.39331985 nan
187.68749757 12.39543366 18.9843
187.7153943 12.37328692 nan
187.71694 12.36975643 20.2240
187.71873243 12.37195007 19.4521
187.71870909 12.36801573 nan
187.72034648 12.37415297 18.9928
187.72519402 12.37244564 nan
187.7253119 12.37274384 nan
187.72766308 12.3734418 nan
187.68076236 12.37996384 19.9190
187.68129018 12.38255077 19.5291
187.68447031 12.38129875 nan
187.6846492 12.37473426 nan
187.68596356 12.38163857 19.3702
187.68693985 12.37568565 18.9466
187.68772791 12.37969384 20.0591
187.68839652 12.37968155 19.4330
187.68902466 12.37505466 18.7279
187.69082731 12.37688024 19.8850
187.68906336 12.39798852 19.0252
187.68916464 12.3969136 nan
187.68949348 12.39653024 nan
187.69190755 12.3941628 18.3757
187.69247065 12.39128192 19.0171
187.6940799 12.3959326 nan
187.69449749 12.39870483 20.8721
187.6946297 12.39284071 17.6493
187.69498862 12.39809102 nan
187.70130031 12.39292937 nan
187.70253784 12.39234062 15.3886
187.70622365 12.39236505 nan
187.70630472 12.39182315 14.4229
187.70691585 12.39827062 17.8651
187.70747912 12.3915839 nan
187.7190047 12.39863414 18.6660
187.71940156 12.3987737 nan
187.72070154 12.39674458 nan
187.72121229 12.39368546 18.6511
187.72345817 12.40366093 nan
187.72386835 12.40459813 19.3832
187.72605418 12.39995333 nan
187.72605652 12.40741783 19.6771
187.72828705 12.40339341 19.6642
187.72860167 12.40616618 19.6796
187.72907559 12.39982172 nan
187.72934361 12.40086387 23.9077
187.73072238 12.40457771 19.5782
187.69406841 12.37688798 nan
187.69477663 12.38089293 nan
187.69476028 12.382815 18.5927
187.69632719 12.37779575 19.2288
187.69931786 12.37853338 nan
187.70080125 12.37828064 nan
187.70183167 12.38053514 nan
187.70495239 12.37851452 18.4537
187.70541259 12.37585802 18.1095
187.70624956 12.37754834 18.9063
187.70902824 12.38101615 17.7461
187.70969564 12.38158628 nan
187.71098809 12.38200012 nan
187.71134341 12.38181909 17.3302
187.71246077 12.38100609 18.0296
187.71606953 12.381017 18.5039
187.71713162 12.37607344 nan
187.72274541 12.37571767 nan
187.72322872 12.38225041 nan
187.72406224 12.37570155 18.8380
187.72544816 12.38193324 18.8752
187.7257665 12.37852869 19.1795
187.72351107 12.39747372 nan
187.72541068 12.39958292 nan
187.72584535 12.3938857 19.4639
187.7278561 12.39775211 19.7957
187.72859539 12.3923265 nan
187.68625927 12.4096202 nan
187.68751295 12.41006175 19.5019
187.68799359 12.41199789 19.9605
187.68814728 12.41224011 nan
187.68866584 12.41219704 nan
187.69148326 12.41315456 18.6507
187.69181967 12.40955885 19.6142
187.69299404 12.40959051 nan
187.72669174 12.37537665 nan
187.72852057 12.37542143 nan
187.7289158 12.37798868 nan
187.7300296 12.37663946 19.4591
187.73084877 12.38083671 19.2004
187.73138646 12.37984692 nan
187.67798786 12.39011526 19.2341
187.67910278 12.3906772 nan
187.68042392 12.38814182 20.8274
187.68214846 12.39051134 19.9843
187.68252875 12.38811343 19.6489
187.68266822 12.38348849 19.7156
187.72959402 12.39322772 nan
187.73104236 12.3952531 19.5907
187.73187296 12.39415079 22.1057
187.73210079 12.39152019 nan
187.73333198 12.39527424 19.1801
187.73341177 12.39754906 19.1918
187.7336464 12.39234034 19.2920
187.73378998 12.39577561 nan
187.73413832 12.39181453 19.8174
187.67975507 12.40076414 nan
187.69340686 12.41446771 nan
187.69372231 12.41026275 nan
187.69424941 12.41310529 nan
187.69606772 12.4114559 nan
187.69702812 12.41471479 19.6835
187.69744053 12.40853644 19.8614
187.69766999 12.41594714 19.1092
187.69808955 12.41135345 nan
187.69800748 12.41087259 nan
187.69874011 12.40844464 18.4839
187.69972845 12.41452471 nan
187.69998082 12.40890653 19.4050
187.70023942 12.41575395 nan
187.68632808 12.38413223 19.2713
187.68644101 12.38914712 nan
187.68748234 12.38518467 nan
187.68759727 12.3874836 nan
187.68926292 12.38382019 18.9282
187.68960092 12.38561556 nan
187.69023351 12.38813365 18.3589
187.68095111 12.40322508 19.8476
187.68122862 12.40021698 19.9030
187.68471826 12.40716114 nan
187.68555332 12.39956787 nan
187.68568508 12.40167452 nan
187.68628468 12.40661318 19.7385
187.70149748 12.41557812 20.1738
187.70149298 12.41059735 18.7768
187.70406307 12.41013657 19.3212
187.7064481 12.41346836 20.3990
187.70784375 12.41623161 nan
187.70818296 12.41078926 20.1472
187.7093681 12.4148909 19.6371
187.71015409 12.41169915 nan
187.71067412 12.40999739 nan
187.71060128 12.41133314 nan
187.71298614 12.41021354 nan
187.71421127 12.41334906 nan
187.71477783 12.41458292 nan
187.72633066 12.38875603 nan
187.72699446 12.39076538 nan
187.7269662 12.38408024 19.7035
187.72784938 12.38637281 19.8431
187.72795351 12.39101265 19.1470
187.72947598 12.38841517 19.4817
187.73023479 12.38641391 nan
187.73098952 12.38721974 nan
187.73226642 12.3893479 19.3240
187.73244344 12.39127579 19.5266
187.73297231 12.38731101 19.1780
187.67760249 12.39160011 nan
187.69456625 12.40045575 19.0133
187.69436584 12.40613905 18.5693
187.69529229 12.40011853 nan
187.6973267 12.40295625 nan
187.69810875 12.40639036 nan
187.7201379 12.41246549 19.2619
187.72105039 12.4144756 21.4632
187.72829434 12.40823107 nan
187.69972975 12.41691774 19.6515
187.69988843 12.41666534 nan
187.70384558 12.41662156 20.8288
187.70592227 12.41733582 20.7224
187.70845001 12.41717061 nan
187.70963322 12.41758974 nan
187.67918384 12.39880367 20.0296
187.67931988 12.39395506 nan
187.67941552 12.3952999 19.9759
187.67946914 12.3988047 nan
187.67944873 12.39535622 18.8461
187.67953277 12.39449104 nan
187.68119849 12.39635205 19.5142
187.68162256 12.39839584 nan
187.70287487 12.40457238 nan
187.70367589 12.40598979 nan
187.7047457 12.40537394 nan
187.70484127 12.40560368 19.1018
187.7051742 12.40539894 nan
187.70676683 12.4077674 18.9915
187.7084996 12.40240408 18.0068
187.70951703 12.40389466 nan
187.71049731 12.4035168 nan
187.71126262 12.40316813 nan
187.71433931 12.40520591 nan
187.71509377 12.40654487 nan
187.71600557 12.40708211 nan
