objID raMean decMean nDetections ng nr ni nz ny gMeanPSFMag rMeanPSFMag iMeanPSFMag zMeanPSFMag yMeanPSFMag
122851876859828552 187.68596356 12.38163857 18 3 4 8 3 0 20.20870018005371 19.37019920349121 19.885000228881836 19.355100631713867 -999.0
122851876869661325 187.68693985 12.37568565 8 0 1 4 3 0 -999.0 18.94659996032715 20.380300521850586 19.74810028076172 -999.0
122851876877576117 187.68772791 12.37969384 5 2 1 1 1 0 20.219600677490234 20.059099197387695 20.046499252319336 19.26449966430664 -999.0
122851876884096077 187.68839652 12.37968155 6 0 1 4 1 0 -999.0 19.433000564575195 19.589099884033203 19.527999877929688 -999.0
122851876890760364 187.68902466 12.37505466 5 0 1 2 1 1 -999.0 18.7278995513916 20.784099578857422 19.77039909362793 19.09589958190918
122851876907352752 187.69082731 12.37688024 3 0 2 1 0 0 -999.0 19.885000228881836 20.54759979248047 -999.0 -999.0
122851876940772873 187.69406841 12.37688798 7 2 0 3 2 0 23.25 -999.0 20.255399703979492 -999.0 -999.0
122851876947027579 187.69477663 12.38089293 3 0 0 1 2 0 -999.0 -999.0 20.3435001373291 19.215099334716797 -999.0
122851876947049923 187.69476028 12.382815 8 2 1 2 3 0 19.867399215698242 18.59269905090332 19.06920051574707 18.139400482177734 -999.0
122831876958049611 187.69579528 12.36594804 22 2 3 8 7 2 20.93269920349121 19.23979949951172 19.712099075317383 19.679100036621094 18.748899459838867
122831876987328907 187.69882743 12.36545535 2 1 1 0 0 0 17.711700439453125 19.93280029296875 -999.0 -999.0 -999.0
122831877039279077 187.70386997 12.36543268 34 6 8 11 6 3 20.278200149536133 19.193300247192383 19.562400817871094 19.389400482177734 19.405799865722656
122851877227721410 187.72274541 12.37571767 2 0 0 2 0 0 -999.0 -999.0 19.417499542236328 -999.0 -999.0
122851877233849307 187.72322872 12.38225041 2 1 0 1 0 0 20.199100494384766 -999.0 18.672700881958008 -999.0 -999.0
122851877240941410 187.72406224 12.37570155 29 2 10 13 4 0 20.47010040283203 18.83799934387207 19.246299743652344 19.369300842285156 -999.0
122851877255288825 187.72544816 12.38193324 50 9 14 12 8 7 20.119800567626953 18.875200271606445 18.815799713134766 18.905899047851562 18.581899642944336
122851877257364781 187.7257665 12.37852869 22 1 9 9 3 0 21.286100387573242 19.179500579833984 19.272300720214844 20.419200897216797 -999.0
122851877268660965 187.72669174 12.37537665 2 0 0 0 2 0 -999.0 -999.0 -999.0 19.891700744628906 -999.0
122851877285281050 187.72852057 12.37542143 2 0 0 0 1 1 -999.0 -999.0 -999.0 20.377599716186523 19.844499588012695
122851877289484139 187.7289158 12.37798868 2 0 0 2 0 0 -999.0 -999.0 19.604999542236328 -999.0 -999.0
122851877300522505 187.7300296 12.37663946 55 3 12 12 11 17 20.20199966430664 19.4591007232666 19.016300201416016 18.904300689697266 18.67650032043457
122851877308407587 187.73084877 12.38083671 14 1 4 4 3 2 21.11039924621582 19.20039939880371 19.938199996948242 19.681800842285156 20.075700759887695
122851877314496289 187.73138646 12.37984692 2 0 0 2 0 0 -999.0 -999.0 20.468900680541992 -999.0 -999.0
122861876780158637 187.67798786 12.39011526 56 13 10 16 6 11 20.105199813842773 19.234100341796875 19.22249984741211 18.96380043029785 19.11319923400879
122861876792099215 187.67910278 12.3906772 2 0 0 2 0 0 -999.0 -999.0 20.441600799560547 -999.0 -999.0
122861876804726311 187.68042392 12.38814182 6 0 1 3 2 0 -999.0 20.82740020751953 20.246000289916992 20.33329963684082 -999.0
122861876821409111 187.68214846 12.39051134 25 5 6 9 5 0 20.23419952392578 19.98430061340332 19.845600128173828 19.431800842285156 -999.0
122861876825616177 187.68252875 12.38811343 15 0 4 6 5 0 -999.0 19.64889907836914 20.598800659179688 19.73200035095215 -999.0
122871877234457446 187.72351107 12.39747372 3 1 0 2 0 0 20.527799606323242 -999.0 -999.0 -999.0 -999.0
122871877254109991 187.72541068 12.39958292 2 0 1 0 1 0 -999.0 -999.0 -999.0 -999.0 -999.0
122871877258373225 187.72584535 12.3938857 23 4 5 6 7 1 19.98390007019043 19.463899612426758 19.095300674438477 19.28230094909668 18.827299118041992
122871877278217932 187.7278561 12.39775211 4 0 1 1 2 0 -999.0 19.795700073242188 18.96500015258789 19.78030014038086 -999.0
122871877286001354 187.72859539 12.3923265 2 0 0 1 1 0 -999.0 -999.0 -999.0 -999.0 -999.0
122881877307586068 187.73072238 12.40457771 16 0 4 7 3 2 -999.0 19.57819938659668 20.252199172973633 20.250600814819336 19.707599639892578
122891876918542006 187.69181967 12.40955885 37 8 11 8 7 3 19.899599075317383 19.614200592041016 19.418500900268555 19.326499938964844 19.119300842285156
122891876960804282 187.69606772 12.4114559 2 0 0 2 0 0 -999.0 -999.0 19.67099952697754 -999.0 -999.0
122891876970628208 187.69702812 12.41471479 11 2 2 3 4 0 20.109100341796875 19.683500289916992 -999.0 19.466299057006836 -999.0
122891876862542075 187.68625927 12.4096202 8 3 1 3 1 0 21.16659927368164 -999.0 20.44580078125 -999.0 -999.0
122891876875232584 187.68751295 12.41006175 37 8 10 8 7 4 20.207500457763672 19.50189971923828 20.995399475097656 19.291200637817383 19.16550064086914
122891876880144926 187.68799359 12.41199789 2 0 1 1 0 0 -999.0 19.960500717163086 21.258899688720703 -999.0 -999.0
122891876881695207 187.68814728 12.41224011 5 0 0 1 3 1 -999.0 -999.0 19.6648006439209 -999.0 19.6658992767334
122841876900278179 187.69003934 12.37305959 5 0 0 3 2 0 -999.0 -999.0 20.552200317382812 19.911300659179688 -999.0
122841876901204578 187.69010145 12.37004787 59 7 14 14 10 14 20.245399475097656 19.316600799560547 19.614200592041016 19.070199966430664 18.891300201416016
122841876928445020 187.69289721 12.37039456 6 0 1 2 2 1 -999.0 18.678600311279297 20.118200302124023 19.876100540161133 19.741899490356445
122841876942138356 187.69419188 12.37321297 2 1 1 0 0 0 21.538700103759766 -999.0 -999.0 -999.0 -999.0
122841876948059763 187.69490943 12.37443051 2 1 0 1 0 0 -999.0 -999.0 -999.0 -999.0 -999.0
122841876949650880 187.69494854 12.36699359 2 0 1 1 0 0 -999.0 19.932600021362305 18.473899841308594 -999.0 -999.0
122841876980250947 187.69802521 12.3670466 2 0 1 1 0 0 -999.0 -999.0 -999.0 -999.0 -999.0
122841876986607454 187.6987773 12.37246285 2 0 0 1 0 1 -999.0 -999.0 -999.0 -999.0 20.018800735473633
122841877003925652 187.70039398 12.37104357 17 5 3 8 1 0 20.52589988708496 19.42799949645996 19.475099563598633 19.299699783325195 -999.0
122841877031699869 187.70306974 12.37440701 21 4 4 7 4 2 21.046199798583984 18.033899307250977 18.922000885009766 18.78849983215332 19.045499801635742
122841877046326268 187.70459709 12.37146008 6 0 0 5 1 0 -999.0 -999.0 19.27829933166504 19.18950080871582 -999.0
122841877048585890 187.70477188 12.37131347 2 1 0 0 0 1 -999.0 -999.0 -999.0 -999.0 19.361299514770508
122841877049374056 187.70486236 12.369663 30 5 6 11 7 1 20.579999923706055 19.50860023498535 19.42099952697754 19.313600540161133 19.350400924682617
122841877052006981 187.70518855 12.37193681 3 1 1 0 0 1 21.285499572753906 -999.0 -999.0 -999.0 19.38330078125
122841877061126095 187.70600076 12.37121532 2 1 1 0 0 0 19.824600219726562 18.064199447631836 -999.0 -999.0 -999.0
122861877323127783 187.73226642 12.3893479 14 0 4 7 2 1 -999.0 19.323999404907227 19.64459991455078 19.736799240112305 19.092300415039062
122861877325079977 187.73244344 12.39127579 3 0 1 1 1 0 -999.0 19.526599884033203 20.41550064086914 19.921199798583984 -999.0
122861877327865121 187.73297231 12.38731101 2 0 1 0 1 0 -999.0 19.17799949645996 -999.0 -999.0 -999.0
122871876776120415 187.67760249 12.39160011 2 0 0 2 0 0 -999.0 -999.0 20.507699966430664 -999.0 -999.0
122871876791728921 187.67918384 12.39880367 11 0 2 7 2 0 -999.0 20.029600143432617 20.65290069580078 19.706600189208984 -999.0
122871876793263265 187.67931988 12.39395506 2 0 0 0 0 2 -999.0 -999.0 -999.0 -999.0 19.27829933166504
122871876794304713 187.67941552 12.3952999 23 4 7 8 3 1 20.646900177001953 19.975900650024414 20.461000442504883 19.90719985961914 19.781600952148438
122871876794879090 187.67946914 12.3988047 2 0 0 2 0 0 -999.0 -999.0 19.665800094604492 -999.0 -999.0
122871876795095049 187.67944873 12.39535622 4 0 3 1 0 0 -999.0 18.846099853515625 -999.0 -999.0 -999.0
122871876795473881 187.67953277 12.39449104 2 0 0 1 1 0 -999.0 -999.0 20.8075008392334 22.993799209594727 -999.0
122871876811926128 187.68119849 12.39635205 38 5 11 13 5 4 20.216400146484375 19.51420021057129 19.645599365234375 19.132999420166016 19.092300415039062
122871876816378588 187.68162256 12.39839584 4 0 1 2 1 0 -999.0 -999.0 -999.0 20.881000518798828 -999.0
122881876981118279 187.69810875 12.40639036 5 2 1 1 1 0 20.26409912109375 -999.0 18.72279930114746 -999.0 -999.0
122881877028745978 187.70287487 12.40457238 2 0 2 0 0 0 -999.0 -999.0 -999.0 -999.0 -999.0
122881877036757679 187.70367589 12.40598979 2 0 0 1 1 0 -999.0 -999.0 -999.0 -999.0 -999.0
122881877047516953 187.7047457 12.40537394 2 0 0 2 0 0 -999.0 -999.0 19.99810028076172 -999.0 -999.0
122881877049017249 187.70484127 12.40560368 20 7 3 6 4 0 19.334299087524414 19.1018009185791 18.377599716186523 18.743600845336914 -999.0
122881877051997019 187.7051742 12.40539894 2 0 0 2 0 0 -999.0 -999.0 20.768800735473633 -999.0 -999.0
122881877067749910 187.70676683 12.4077674 5 1 3 1 0 0 21.810800552368164 18.991500854492188 -999.0 -999.0 -999.0
122881877085143466 187.7084996 12.40240408 37 9 11 7 7 3 18.826099395751953 18.006799697875977 17.76689910888672 17.875099182128906 17.68120002746582
122881877095525205 187.70951703 12.40389466 2 0 0 2 0 0 -999.0 -999.0 18.8612003326416 -999.0 -999.0
122881877105204765 187.71049731 12.4035168 2 0 0 2 0 0 -999.0 -999.0 19.13680076599121 -999.0 -999.0
122881877112164157 187.71126262 12.40316813 2 0 0 2 0 0 -999.0 -999.0 19.040800094604492 -999.0 -999.0
122881877142896840 187.71433931 12.40520591 3 1 2 0 0 0 -999.0 -999.0 -999.0 -999.0 -999.0
122841877075482358 187.70752991 12.3681808 2 0 2 0 0 0 -999.0 19.827299118041992 -999.0 -999.0 -999.0
122841877122942435 187.71223099 12.36833656 39 7 13 13 5 1 20.324399948120117 19.170000076293945 19.345399856567383 19.38409996032715 19.792200088500977
122841877131198303 187.71323214 12.37317418 6 1 0 3 1 1 19.872699737548828 -999.0 -999.0 -999.0 17.85700035095215
122841877132287509 187.71322814 12.37251503 2 0 0 2 0 0 -999.0 -999.0 -999.0 -999.0 -999.0
122841877133718012 187.7133713 12.37293453 2 0 0 2 0 0 -999.0 -999.0 -999.0 -999.0 -999.0
122841877154358531 187.7153943 12.37328692 2 0 0 1 0 1 -999.0 -999.0 19.968000411987305 -999.0 18.548999786376953
122841877170094121 187.71694 12.36975643 2 0 1 1 0 0 -999.0 20.224000930786133 -999.0 -999.0 -999.0
122841877187496820 187.71873243 12.37195007 30 5 7 12 6 0 20.66900062561035 19.45210075378418 19.646400451660156 19.3976993560791 -999.0
122841877188612187 187.71870909 12.36801573 6 0 0 4 2 0 -999.0 -999.0 20.086299896240234 19.757200241088867 -999.0
122841877203819534 187.72034648 12.37415297 39 7 10 12 9 1 19.87150001525879 18.992799758911133 18.931100845336914 19.1018009185791 18.77589988708496
122841877252127432 187.72519402 12.37244564 5 0 0 3 2 0 -999.0 -999.0 19.838600158691406 19.712299346923828 -999.0
122841877253517823 187.7253119 12.37274384 2 0 1 0 1 0 -999.0 -999.0 -999.0 19.69379997253418 -999.0
122841877277218595 187.72766308 12.3734418 5 0 0 4 0 1 -999.0 -999.0 20.177799224853516 -999.0 20.119199752807617
122851876807626491 187.68076236 12.37996384 9 0 2 6 1 0 -999.0 19.91900062561035 20.75629997253418 19.858699798583984 -999.0
122851876813339566 187.68129018 12.38255077 18 1 4 10 3 0 21.234399795532227 19.52910041809082 20.44260025024414 19.65019989013672 -999.0
122871876826967580 187.68268481 12.39759087 2 0 0 1 1 0 -999.0 -999.0 -999.0 -999.0 -999.0
122871876827696196 187.68274528 12.39644523 40 12 11 12 5 0 20.222299575805664 19.383899688720703 19.522499084472656 19.48110008239746 -999.0
122871876874935137 187.68749757 12.39543366 9 4 2 2 1 0 19.83769989013672 18.98430061340332 19.66990089416504 -999.0 -999.0
122871876890658023 187.68906336 12.39798852 7 2 2 2 1 0 20.414600372314453 19.02519989013672 18.588199615478516 18.964099884033203 -999.0
122871876892566784 187.68916464 12.3969136 5 2 0 1 2 0 19.787500381469727 -999.0 -999.0 19.672000885009766 -999.0
122871876895386298 187.68949348 12.39653024 3 0 1 2 0 0 -999.0 -999.0 -999.0 -999.0 -999.0
122871876919213480 187.69190755 12.3941628 12 4 3 4 1 0 19.456600189208984 18.375699996948242 18.3346004486084 -999.0 -999.0
122871876925340070 187.69247065 12.39128192 6 2 1 2 1 0 19.327600479125977 19.017099380493164 19.563199996948242 19.243799209594727 -999.0
122871876845779196 187.68456252 12.39888945 3 0 0 2 1 0 -999.0 -999.0 20.510299682617188 19.934999465942383 -999.0
122871876856574675 187.68566123 12.39513602 2 1 0 0 0 1 20.82069969177246 -999.0 -999.0 -999.0 19.679399490356445
122881877151178400 187.71509377 12.40654487 4 2 1 0 0 1 20.26460075378418 -999.0 -999.0 -999.0 -999.0
122881877159868979 187.71600557 12.40708211 2 0 0 0 2 0 -999.0 -999.0 -999.0 18.935199737548828 -999.0
122881877171064296 187.71710618 12.40313179 45 5 11 8 11 10 19.564199447631836 18.21739959716797 18.185699462890625 18.470199584960938 18.22130012512207
122881877198218150 187.71980301 12.40633268 49 9 14 13 9 4 19.7539005279541 19.23539924621582 18.494400024414062 18.694799423217773 18.57670021057129
122881877206945620 187.72067312 12.40420341 3 0 2 0 1 0 -999.0 -999.0 -999.0 -999.0 -999.0
122881877207876355 187.72078753 12.40488642 2 1 0 1 0 0 -999.0 -999.0 -999.0 -999.0 -999.0
122881877213019275 187.72130805 12.40726946 3 1 0 2 0 0 -999.0 -999.0 -999.0 -999.0 -999.0
122851876845878009 187.68447031 12.38129875 3 0 0 2 1 0 -999.0 -999.0 20.12619972229004 19.491199493408203 -999.0
122851876846580236 187.6846492 12.37473426 3 0 0 3 0 0 -999.0 -999.0 20.406999588012695 -999.0 -999.0
122851876964093848 187.69632719 12.37779575 38 9 8 11 6 4 19.543899536132812 19.22879981994629 18.627599716186523 18.723100662231445 18.27630043029785
122851876992204797 187.69931786 12.37853338 10 3 2 4 1 0 21.27899932861328 -999.0 18.61389923095703 18.489900588989258 -999.0
122851877008084336 187.70080125 12.37828064 15 3 2 5 5 0 21.162900924682617 -999.0 18.75429916381836 18.438899993896484 -999.0
122851877018527082 187.70183167 12.38053514 5 2 2 1 0 0 20.314599990844727 -999.0 18.168699264526367 -999.0 -999.0
122851877049294726 187.70495239 12.37851452 7 2 2 2 1 0 19.03059959411621 18.453699111938477 18.576099395751953 -999.0 -999.0
122851877054541495 187.70541259 12.37585802 16 3 3 7 3 0 20.02120018005371 18.109500885009766 18.40329933166504 18.420000076293945 -999.0
122851877062673559 187.70624956 12.37754834 7 1 2 3 0 1 20.520999908447266 18.906299591064453 18.96269989013672 -999.0 18.142099380493164
122851877090477761 187.70902824 12.38101615 29 6 7 11 5 0 19.74679946899414 17.7460994720459 17.491500854492188 17.622100830078125 -999.0
122851877096718451 187.70969564 12.38158628 2 1 0 1 0 0 20.573400497436523 -999.0 -999.0 -999.0 -999.0
122851877109888891 187.71098809 12.38200012 2 0 0 2 0 0 -999.0 -999.0 -999.0 -999.0 -999.0
122851877115528846 187.71134341 12.38181909 2 1 1 0 0 0 23.352399826049805 17.3302001953125 -999.0 -999.0 -999.0
122851877124637737 187.71246077 12.38100609 50 9 10 15 9 7 19.32469940185547 18.029600143432617 17.798799514770508 17.930400848388672 17.508899688720703
122851877161507704 187.71606953 12.381017 6 0 2 2 1 1 -999.0 18.5039005279541 18.485300064086914 -999.0 18.553300857543945
122851877171601818 187.71713162 12.37607344 2 1 0 0 0 1 19.747400283813477 -999.0 -999.0 -999.0 17.3218994140625
122871876860744396 187.68607986 12.39467548 6 1 0 4 1 0 -999.0 -999.0 19.947200775146484 -999.0 -999.0
122871876861340070 187.68617687 12.39135864 42 10 6 15 6 5 19.933799743652344 19.47209930419922 18.82819938659668 18.761600494384766 18.312400817871094
122871876861930463 187.68616185 12.39148031 2 0 1 1 0 0 -999.0 19.082500457763672 -999.0 -999.0 -999.0
122871876862043718 187.68619734 12.39429761 2 0 0 1 1 0 -999.0 -999.0 20.063600540161133 18.50480079650879 -999.0
122871876867192495 187.68664951 12.39331985 2 2 0 0 0 0 18.787700653076172 -999.0 -999.0 -999.0 -999.0
122871876941435711 187.6940799 12.3959326 4 0 1 2 1 0 -999.0 -999.0 19.009199142456055 19.183900833129883 -999.0
122871876945758919 187.69449749 12.39870483 2 0 1 1 0 0 -999.0 20.872100830078125 19.60379981994629 -999.0 -999.0
122871876946391889 187.6946297 12.39284071 2 0 2 0 0 0 -999.0 17.64929962158203 -999.0 -999.0 -999.0
122871876951258032 187.69498862 12.39809102 2 1 0 0 0 1 -999.0 -999.0 -999.0 -999.0 17.250600814819336
122871877012582071 187.70130031 12.39292937 3 2 0 0 0 1 17.394800186157227 -999.0 -999.0 -999.0 -999.0
122871877026011277 187.70253784 12.39234062 62 13 12 16 10 11 16.941699981689453 15.38860034942627 15.329899787902832 15.768099784851074 16.933799743652344
122871877062551436 187.70622365 12.39236505 2 0 0 0 0 2 -999.0 -999.0 -999.0 -999.0 15.110199928283691
122871877063310741 187.70630472 12.39182315 3 0 2 0 1 0 -999.0 14.422900199890137 -999.0 14.42490005493164 -999.0
122871877068858435 187.70691585 12.39827062 7 3 1 2 1 0 18.659099578857422 17.865100860595703 17.777599334716797 17.939199447631836 -999.0
122871877075050430 187.70747912 12.3915839 2 0 0 0 2 0 -999.0 -999.0 -999.0 15.575200080871582 -999.0
122871877190298915 187.7190047 12.39863414 25 5 6 6 6 2 19.576000213623047 18.666000366210938 18.50629997253418 18.54599952697754 18.805200576782227
122871877194249039 187.71940156 12.3987737 2 0 0 1 0 1 -999.0 -999.0 19.342500686645508 -999.0 16.398399353027344
122871877207356745 187.72070154 12.39674458 6 0 0 4 1 1 -999.0 -999.0 18.575000762939453 -999.0 19.179399490356445
122871877212342950 187.72121229 12.39368546 8 0 2 4 2 0 -999.0 18.651100158691406 18.64699935913086 18.743499755859375 -999.0
122881877219942304 187.7220297 12.40151462 5 0 2 1 2 0 -999.0 -999.0 -999.0 -999.0 -999.0
122881877223687190 187.72232084 12.40554974 9 2 1 4 2 0 20.700899124145508 -999.0 19.683500289916992 19.680099487304688 -999.0
122881877230433817 187.72313945 12.40275914 4 2 0 2 0 0 20.71660041809082 -999.0 -999.0 -999.0 -999.0
122881877234574998 187.72345817 12.40366093 3 0 0 3 0 0 -999.0 -999.0 19.72800064086914 -999.0 -999.0
122881877238906090 187.72386835 12.40459813 12 2 1 7 1 1 20.7096004486084 19.38319969177246 20.017799377441406 19.859600067138672 19.061199188232422
122881877258440328 187.72605418 12.39995333 3 2 0 1 0 0 21.13800048828125 -999.0 20.520000457763672 -999.0 -999.0
122881877260649427 187.72605652 12.40741783 19 4 6 7 2 0 21.261699676513672 19.677099227905273 19.597299575805664 19.86440086364746 -999.0
122881877283254588 187.72828705 12.40339341 49 10 15 14 4 6 20.44930076599121 19.664199829101562 19.203800201416016 19.51020050048828 19.191299438476562
122881877286257974 187.72860167 12.40616618 8 2 3 3 0 0 21.214599609375 19.67959976196289 19.613500595092773 -999.0 -999.0
122881877291330420 187.72907559 12.39982172 2 0 0 2 0 0 -999.0 -999.0 19.761499404907227 -999.0 -999.0
122881877294161656 187.72934361 12.40086387 10 1 1 5 3 0 20.42569923400879 23.907699584960938 19.582700729370117 19.957300186157227 -999.0
122861876826900702 187.68266822 12.38348849 32 4 9 11 7 1 20.279499053955078 19.715599060058594 20.088699340820312 19.535200119018555 19.803800582885742
122861876862841505 187.68632808 12.38413223 12 2 2 6 2 0 20.58930015563965 19.271299362182617 19.985599517822266 19.257299423217773 -999.0
122861876864227503 187.68644101 12.38914712 4 2 0 2 0 0 20.56290054321289 -999.0 20.230100631713867 -999.0 -999.0
122861876875302540 187.68748234 12.38518467 6 2 0 2 2 0 20.674800872802734 -999.0 -999.0 18.118200302124023 -999.0
122861876877045561 187.68759727 12.3874836 2 2 0 0 0 0 20.831499099731445 -999.0 -999.0 -999.0 -999.0
122871877296802505 187.72959402 12.39322772 12 1 0 8 3 0 20.86989974975586 -999.0 19.82069969177246 24.503700256347656 -999.0
122871877310864811 187.73104236 12.3952531 12 0 1 7 3 1 -999.0 19.590700149536133 20.099199295043945 19.62700080871582 20.113800048828125
122871877320443691 187.73187296 12.39415079 11 2 1 6 2 0 21.242599487304688 22.10569953918457 19.754100799560547 20.463699340820312 -999.0
122871877321240361 187.73210079 12.39152019 3 0 0 0 2 1 -999.0 -999.0 -999.0 -999.0 19.321699142456055
122871877332304955 187.73333198 12.39527424 2 0 1 1 0 0 -999.0 19.180099487304688 20.360700607299805 -999.0 -999.0
122871877334377621 187.73341177 12.39754906 51 11 7 13 9 11 20.643299102783203 19.19179916381836 19.53619956970215 19.383699417114258 19.225000381469727
122871877336911340 187.7336464 12.39234034 5 0 2 3 0 0 -999.0 19.29199981689453 21.122800827026367 -999.0 -999.0
122891876886875159 187.68866584 12.41219704 2 0 1 0 0 1 -999.0 -999.0 -999.0 -999.0 19.721599578857422
122891876915066339 187.69148326 12.41315456 59 7 14 11 14 13 19.700300216674805 18.650699615478516 17.580299377441406 17.115699768066406 16.81220054626465
122891876930221979 187.69299404 12.40959051 4 1 0 3 0 0 -999.0 -999.0 19.676599502563477 -999.0 -999.0
122891876933737899 187.69340686 12.41446771 2 1 0 0 1 0 20.36400032043457 -999.0 -999.0 19.734899520874023 -999.0
122891876937222836 187.69372231 12.41026275 4 1 0 1 1 1 -999.0 -999.0 20.811899185180664 19.234100341796875 19.64389991760254
122891876942556146 187.69424941 12.41310529 5 0 0 1 4 0 -999.0 -999.0 19.408899307250977 19.491899490356445 -999.0
122891876974670778 187.69744053 12.40853644 3 1 1 0 0 1 -999.0 19.861400604248047 -999.0 -999.0 -999.0
122891876976349722 187.69766999 12.41594714 23 5 4 6 6 2 20.039400100708008 19.10919952392578 19.08639907836914 19.16900062561035 19.35449981689453
122891876980814145 187.69808955 12.41135345 2 1 0 0 0 1 20.341100692749023 -999.0 -999.0 -999.0 17.757099151611328
122891876981263455 187.69800748 12.41087259 2 0 0 0 1 1 -999.0 -999.0 -999.0 18.250099182128906 19.11389923095703
122891876987710640 187.69874011 12.40844464 56 11 10 13 9 13 19.331199645996094 18.48390007019043 18.237199783325195 18.327499389648438 18.264699935913086
122891876996478039 187.69972845 12.41452471 2 0 0 0 2 0 -999.0 -999.0 -999.0 19.491100311279297 -999.0
122861876892751081 187.68926292 12.38382019 30 2 1 14 6 7 19.62619972229004 18.928199768066406 18.677400588989258 18.72760009765625 18.58329963684082
122861876896363280 187.68960092 12.38561556 16 2 1 9 3 1 20.301799774169922 -999.0 18.63330078125 -999.0 18.39459991455078
122861876902306299 187.69023351 12.38813365 50 9 9 14 7 11 19.385700225830078 18.35890007019043 18.380800247192383 18.308700561523438 18.280500411987305
122861876929948166 187.69304884 12.38978617 7 2 0 3 2 0 19.75779914855957 -999.0 18.55190086364746 19.22599983215332 -999.0
122861876934530629 187.69350782 12.38348628 11 2 2 5 2 0 -999.0 18.720800399780273 19.098499298095703 19.35300064086914 -999.0
122861876944428797 187.69448057 12.39022676 2 0 0 0 2 0 -999.0 -999.0 -999.0 20.11989974975586 -999.0
122861876946372059 187.69472326 12.38464777 2 0 0 0 2 0 -999.0 -999.0 -999.0 18.860599517822266 -999.0
122861876946987056 187.69442859 12.38863934 2 0 1 0 1 0 -999.0 17.185199737548828 -999.0 18.3887996673584 -999.0
122861876947177869 187.69469555 12.38944923 2 0 2 0 0 0 -999.0 18.3705997467041 -999.0 -999.0 -999.0
122861876952960254 187.69534396 12.38300575 2 0 0 0 0 2 -999.0 -999.0 -999.0 -999.0 18.66710090637207
122861876979515942 187.69789315 12.38779688 44 8 7 13 8 8 18.271299362182617 17.494800567626953 17.288400650024414 17.433799743652344 17.105899810791016
122861877044629638 187.70451598 12.39086724 2 0 0 0 2 0 -999.0 -999.0 -999.0 15.529399871826172 -999.0
122861877050678994 187.70512805 12.39043743 5 2 2 1 0 0 17.02869987487793 15.08430004119873 16.16900062561035 -999.0 -999.0
122861877056308967 187.70559948 12.39030211 2 0 0 0 0 2 -999.0 -999.0 -999.0 -999.0 14.998499870300293
122861877056688054 187.70558996 12.38960002 2 0 0 0 2 0 -999.0 -999.0 -999.0 14.406399726867676 -999.0
122861877058698594 187.70580919 12.39013311 2 0 0 0 0 2 -999.0 -999.0 -999.0 -999.0 14.730500221252441
122861877059169881 187.70591961 12.39112604 54 10 10 14 8 12 10.295000076293945 10.732000350952148 11.076000213623047 11.342000007629395 11.557000160217285
122861877064767617 187.70646616 12.38914179 2 0 2 0 0 0 -999.0 15.11970043182373 -999.0 -999.0 -999.0
122861877070368181 187.70700504 12.38964881 2 0 2 0 0 0 -999.0 15.226099967956543 -999.0 -999.0 -999.0
122861877090664549 187.70906689 12.38671491 2 0 0 0 0 2 -999.0 -999.0 -999.0 -999.0 -999.0
122861877111116495 187.71111183 12.38833651 2 1 1 0 0 0 -999.0 -999.0 -999.0 -999.0 -999.0
122861877112026930 187.71120247 12.38869951 2 0 1 1 0 0 -999.0 -999.0 -999.0 -999.0 -999.0
122861877184282370 187.7182975 12.38498455 2 0 0 2 0 0 -999.0 -999.0 18.14349937438965 -999.0 -999.0
122871877339735711 187.73378998 12.39577561 2 0 0 0 0 2 -999.0 -999.0 -999.0 -999.0 19.68869972229004
122871877342110722 187.73413832 12.39181453 49 9 10 10 9 11 20.189300537109375 19.817399978637695 19.359699249267578 19.217599868774414 19.284000396728516
122881876902416788 187.69021292 12.40526528 49 8 11 13 9 8 20.3031005859375 18.972400665283203 19.014999389648438 19.0762996673584 18.49530029296875
122881876797581241 187.67975507 12.40076414 2 0 0 2 0 0 -999.0 -999.0 20.99810028076172 -999.0 -999.0
122881876810114433 187.68095111 12.40322508 39 10 11 13 4 1 20.712900161743164 19.84760093688965 20.086999893188477 19.890199661254883 19.41320037841797
122881876813060674 187.68122862 12.40021698 13 0 3 8 2 0 -999.0 19.902999877929688 20.25909996032715 20.066699981689453 -999.0
122891877000101253 187.69998082 12.40890653 41 5 8 11 7 10 19.847700119018555 19.405000686645508 18.372499465942383 21.25 18.47879981994629
122891877002409459 187.70023942 12.41575395 3 0 0 1 2 0 -999.0 -999.0 -999.0 19.46269989013672 -999.0
122891877013789107 187.70149748 12.41557812 2 0 1 0 1 0 -999.0 20.173799514770508 -999.0 19.365400314331055 -999.0
122891877015033227 187.70149298 12.41059735 22 1 4 7 7 3 19.96929931640625 18.77680015563965 18.526599884033203 22.682100296020508 18.779399871826172
122891877041092645 187.70406307 12.41013657 18 6 4 4 3 1 20.074600219726562 19.321199417114258 19.206300735473633 19.274499893188477 17.611499786376953
122891877064346759 187.7064481 12.41346836 5 2 2 0 1 0 20.35420036315918 20.39900016784668 -999.0 19.203399658203125 -999.0
122891877079039872 187.70784375 12.41623161 2 0 0 0 0 2 -999.0 -999.0 -999.0 -999.0 19.88360023498535
122891877081923578 187.70818296 12.41078926 2 0 1 0 1 0 -999.0 20.147199630737305 -999.0 19.102800369262695 -999.0
122891877093418468 187.7093681 12.4148909 3 0 1 1 1 0 -999.0 19.637100219726562 19.384000778198242 19.3927001953125 -999.0
122891877101604561 187.71015409 12.41169915 2 2 0 0 0 0 21.712400436401367 -999.0 -999.0 -999.0 -999.0
122891877106752568 187.71067412 12.40999739 4 1 0 1 2 0 21.488100051879883 -999.0 19.447599411010742 19.394399642944336 -999.0
122891877107293901 187.71060128 12.41133314 2 2 0 0 0 0 20.40019989013672 -999.0 -999.0 -999.0 -999.0
122891877130802647 187.71298614 12.41021354 2 2 0 0 0 0 20.524900436401367 -999.0 -999.0 -999.0 -999.0
122861877260326426 187.72577292 12.38807622 2 1 0 0 0 1 19.614200592041016 -999.0 -999.0 -999.0 18.52899932861328
122861877260373427 187.72601222 12.38581105 3 1 0 0 2 0 20.60070037841797 -999.0 -999.0 19.48310089111328 -999.0
122861877263617046 187.72633066 12.38875603 2 0 0 0 0 2 -999.0 -999.0 -999.0 -999.0 19.187400817871094
122861877269969455 187.72699446 12.39076538 2 0 0 2 0 0 -999.0 -999.0 -999.0 -999.0 -999.0
122861877270161396 187.7269662 12.38408024 19 1 6 8 4 0 -999.0 19.703500747680664 19.04759979248047 19.51129913330078 -999.0
122861877278974123 187.72784938 12.38637281 2 0 1 1 0 0 -999.0 19.84309959411621 -999.0 -999.0 -999.0
122861877279379712 187.72795351 12.39101265 4 1 1 2 0 0 20.140300750732422 19.14699935913086 21.738800048828125 -999.0 -999.0
122861877295056633 187.72947598 12.38841517 39 7 10 12 6 4 20.27750015258789 19.481700897216797 18.98189926147461 19.23310089111328 18.894399642944336
122891877201565516 187.7201379 12.41246549 29 5 10 10 4 0 20.984899520874023 19.261899948120117 19.482099533081055 19.518400192260742 -999.0
122891877210907898 187.72105039 12.4144756 5 0 2 3 0 0 -999.0 21.463199615478516 20.539899826049805 -999.0 -999.0
122881876848179046 187.68471826 12.40716114 2 0 0 0 0 2 -999.0 -999.0 -999.0 -999.0 19.78179931640625
122881876855690005 187.68555332 12.39956787 2 1 0 1 0 0 22.801700592041016 -999.0 20.940900802612305 -999.0 -999.0
122881876857292558 187.68568508 12.40167452 2 1 0 1 0 0 -999.0 -999.0 19.700300216674805 -999.0 -999.0
122881876863538479 187.68628468 12.40661318 7 0 3 2 2 0 -999.0 19.738500595092773 20.73270034790039 19.373199462890625 -999.0
122881876876595358 187.68762928 12.40406717 15 4 2 6 3 0 20.364700317382812 19.386499404907227 19.48240089416504 19.260099411010742 -999.0
122881876885029059 187.68848663 12.40709026 41 12 10 10 6 3 19.972999572753906 19.260400772094727 19.450199127197266 19.137699127197266 19.197799682617188
122881876888553767 187.68883543 12.40268654 39 11 8 11 7 2 20.001399993896484 19.12579917907715 19.09950065612793 19.03260040283203 17.917499542236328
122881876895096750 187.68950765 12.40521823 28 9 5 6 5 3 19.96649932861328 22.10409927368164 19.082300186157227 18.945600509643555 18.983600616455078
122891877143126687 187.71421127 12.41334906 2 0 0 2 0 0 -999.0 -999.0 19.154199600219727 -999.0 -999.0
122891877148178288 187.71477783 12.41458292 3 0 0 2 0 1 -999.0 -999.0 19.161699295043945 -999.0 19.711599349975586
122891877151687964 187.71512299 12.41451428 12 0 1 7 3 1 -999.0 19.348899841308594 19.53179931640625 19.52630043029785 19.483600616455078
122891877161900799 187.71612776 12.40855367 54 10 12 10 11 11 19.594100952148438 18.482799530029297 18.34280014038086 18.630300521850586 18.31329917907715
122891877167607307 187.71666989 12.41400077 43 9 12 11 6 5 20.604400634765625 19.181400299072266 19.64699935913086 19.372299194335938 19.33449935913086
122891877171399606 187.71714622 12.41592605 2 0 1 1 0 0 -999.0 19.989299774169922 -999.0 -999.0 -999.0
122891877176211269 187.71773213 12.40895063 2 2 0 0 0 0 20.341299057006836 -999.0 -999.0 -999.0 -999.0
122891877176310359 187.71759221 12.40820939 2 2 0 0 0 0 22.801799774169922 -999.0 -999.0 -999.0 -999.0
122891877177677777 187.71778375 12.41441633 6 0 0 5 0 1 -999.0 -999.0 24.486299514770508 -999.0 19.4552001953125
122891877283190426 187.72829434 12.40823107 3 0 0 2 1 0 -999.0 -999.0 -999.0 20.527000427246094 -999.0
122901876997590814 187.69972975 12.41691774 13 2 4 5 2 0 20.035400390625 19.651500701904297 19.210899353027344 19.465999603271484 -999.0
122901876998880490 187.69988843 12.41666534 2 0 0 2 0 0 -999.0 -999.0 -999.0 -999.0 -999.0
122901877039010548 187.70384558 12.41662156 3 1 1 0 1 0 -999.0 20.828800201416016 -999.0 21.60740089416504 -999.0
122901877059051307 187.70592227 12.41733582 26 0 2 6 8 10 -999.0 20.722400665283203 19.06049919128418 19.034900665283203 18.84910011291504
122901877086270870 187.70845001 12.41717061 2 0 0 0 2 0 -999.0 -999.0 -999.0 23.108299255371094 -999.0
122901877096841466 187.70963322 12.41758974 2 0 0 0 2 0 -999.0 -999.0 -999.0 17.842899322509766 -999.0
122861877302624250 187.73023479 12.38641391 2 0 0 1 1 0 -999.0 -999.0 17.639999389648438 18.424800872802734 -999.0
122861877309765255 187.73098952 12.38721974 5 0 0 3 2 0 -999.0 -999.0 20.291000366210938 19.773500442504883 -999.0
122881876925378190 187.69252401 12.40637529 46 8 11 11 8 8 20.054000854492188 18.866899490356445 18.818899154663086 19.12310028076172 18.759700775146484
122881876927063028 187.69278366 12.40209582 11 1 3 4 2 1 21.143699645996094 18.824800491333008 19.661699295043945 18.714799880981445 18.53350067138672
122881876927917371 187.69278206 12.40569691 15 1 3 5 5 1 20.310800552368164 18.825899124145508 19.485300064086914 19.225299835205078 -999.0
122881876943370896 187.69456625 12.40045575 4 0 2 1 1 0 -999.0 19.0132999420166 18.942100524902344 18.044099807739258 -999.0
122881876944047863 187.69436584 12.40613905 38 9 9 10 4 6 19.493000030517578 18.569299697875977 18.71139907836914 18.66900062561035 18.438100814819336
122881876951360506 187.69529229 12.40011853 2 0 0 1 0 1 -999.0 -999.0 19.29360008239746 -999.0 17.78030014038086
122881876972834106 187.6973267 12.40295625 3 1 0 2 0 0 19.546100616455078 -999.0 19.526199340820312 -999.0 -999.0
